// Experience Tables [Renewal]
// Only official levels included, check db/import-tmpl/job_exp.txt for an expanded list
//
// Structure of Database:
// Max Level,Class list,Type,Exp for Lv 1,2,3,4,5,6,7,8,9,10,11,12,13,14,15,16,17,18,19,20,21,22,23,24,25,26,27,28,29,30,31,32,33,34,35,36,37,38,39,40,41,42,43,44,45,46,47,48,49,50,51,52,53,54,55,56,57,58,59,60,61,62,63,64,65,66,67,68,69,70,71,72,73,74,75,76,77,78,79,80,81,82,83,84,85,86,87,88,89,90,91,92,93,94,95,96,97,98,99,100,101,102,103,104,105,106,107,108,109,110,111,112,113,114,115,116,117,118,119,120,121,122,123,124,125,126,127,128,129,130,131,132,133,134,135,136,137,138,139,140,141,142,143,144,145,146,147,148,149,150,151,152,153,154,155,156,157,158,159,160,161,162,163,164,165,166,167,168,169,170,171,172,173,174,175
//
// Type:
//	0 = Base Exp, 1 = Job Exp

//Base - Normal and Baby Jobs
300,0:1:2:3:4:5:6:7:8:9:10:11:12:13:14:15:16:17:18:19:20:21:23:24:25:4023:4024:4025:4026:4027:4028:4029:4030:4031:4032:4033:4034:4035:4036:4037:4038:4039:4040:4041:4042:4043:4044:4045:4046:4047:4048:4049:4050:4051:4052:4222:4225:4226:4227:4228:4238,0,9,16,25,36,77,112,153,200,253,320,385,490,585,700,830,970,1120,1260,1420,1620,1860,1990,2240,2504,2950,3426,3934,4474,6889,7995,9174,10425,11748,13967,15775,17678,19677,21773,30543,34212,38065,42102,46323,53026,58419,64041,69892,75973,102468,115254,128692,142784,157528,178184,196300,215198,234879,255341,330188,365914,403224,442116,482590,536948,585191,635278,687211,740988,925400,1473746,1594058,1718928,1848355,1982340,2230113,2386162,2547417,2713878,3206160,3681024,4022472,4377024,4744680,5125440,5767272,6204000,6655464,7121664,7602600,8109652,8643822,9206127,9797599,10419283,11072238,11757533,12476249,13229476,14018313,14843866,15707247,16609574,17551968,18535552,19561452,20630792,21744696,22904284,24110674,25364977,26668297,28021732,29426368,30883282,32393539,33958189,35578269,37254799,38988782,40781202,42633023,44545189,46518620,48554214,50652844,52815357,55042573,57335285,59694256,62120220,64613880,67175907,69806941,72507587,75278418,78119970,81032746,84017211,87073795,90202891,93404853,96680000,100028610,103450924,106947144,110517434,114161918,117880680,121673767,125541185,129482901,133498844,137588903,141752928,145990732,150302088,154686733,159144364,163674642,168277191,172951600,177697420,182514167,187401324,192358338,197384623,202479560,207642499,212872757,218169621,223532347,228960163,234452268,240007834,245626005,251305900,257046613,262847212,268706744,274624232,280598679,286629065,292714352,298853483,305045382,311288957,317583099,323926685,330318577,336757623,343242660,349772512,356345994,362961909,369619053,376316214,383052171,389825698,396635564,403480532,410359362,417270811,424213634,431186584,438188413,445217874,452273720,459354706,466459588,473587127,480736086,487905232,495093338,502299181,509521545,516759221,524011006,531275705,538552132,545839109,553135467,560440047,567751700,575069288,582391684,589717771,597046446,604376616,611707202,619037136,626365365,633690848,641012559,648329484,655640625,662944998,670241632,677529573,684807881,692075631,699331913,706575834,713806514,721023091,728224718,735410563,742579811,749731663,756865335,763980061,771075089,778149684,785203127,792234715,799243761,806229595,813191563,820129025,827041359,833927958,840788232,847621604,854427516,861205423,867954796,874675123,881365905,888026659,894656917,901256227,907824150,914360262,920864154,927335431,933773713,940178632,946549836,952886985,959189754,965457830,971690914,977888720,984050975,990177418,996267800,1002321886,1008339452,1014320285,1020264186,1026170966,1032040448,1037872466,1043666865,1049423500,1055142238,1060822955,1066465539,1072069886,1077635904,1083163509,1088652627,1094103193,1099515152,1104888457,1110223070,1115518962,1120776112,1125994507,1131174143,1136315022,1141417155,1146480560,1151505263,1156491296,1161438699,1166347518,1171217806,1176049622,1180843032,1185598108,1190314928,1194993575,1199634138,1204236712,1208801396,1213328296,1217817522,1222269189,1226683417,1231060330,1235400057,1239702732,1243968491,1248197476,1252389832,1256545708,1260665257,1264748635,1268796001,1272807518,1276783353,1280723674,1284628654,1288498467,1292333290,1296133304,1299898691,1303629636,1307326326,1310988950,1314617700,1318212769,1321774352,1325302646,1328797850,1332260164,1335689790,1339086931,1342451791,1345784576,1349085494,1352354752,1355592559,1358799125,1361974661,1365119379,1368233491,1371317210,1374370750,1377394325,1380388150,1383352439,1386287408,1389193273,1392070249,1394918553,1397738400,1400530007,1403293591,1406029367,1408737552,1411418361,1414072010,1416698715,1419298692,1421872155,1424419319,1426940398,1429435606,1431905157,1434349263,1436768137,1439161990,1441531034,1443875479,1446195535,1448491412,1450763318,1453011460,1455236046,1457437282,1459615373,1461770523,1463902937,1466012816,1468100363,1470165779,1472209264,1474231016,1476231234,1478210114,1480167853,1482104645,1484020685,1485916165,1487791277,1489646211,1491481157,1493296304,1495091838,1496867946,1498624813,1500362623,1502081558,1503781800,1505463529,1507126924,1508772163,1510399423,1512008880,1513600707,1515175078,1516732165,1518272138,1519795167,1521301420,1522791064,1524264265,1525721187,1527161994,1528586847,1529995908,1531389336,1532767289,1534129924,1535477397,1536809863,1538127475,1539430385,1540718744,1541992701,1543252405,1544498003,1545729641,1546947464,1548151616,1549342238,1550519472,1551683458,1552834334,1553972238,1555097306,1556209673,1557309473,1558396839,1559471902,1560534793,1561585640,1562624572,1563651716,1564667197,1565671140,1566663668,1567644904,1568614969,1569573982,1570522063,1571459329,1572385897,1573301883,1574207401,1575102565,1575987487,1576862278,1577727048,1578581907,1579426962,1580262321,1581088090,1581904373,1582711275,1583508898,1584297344,1585076715,1585847110,1586608628,1587361366,1588105422,1588840892,1589567871,1590286453,1590996731,1591698797,1592392743,1593078658,1593756633,1594426755,1595089112,1595743791,1596390878,1597030458,1597662614,1598287430,1598904988,1599515370,1600118656,1600714926,1601304259,1601886733,1602462426,1603031414,1603593772,1604149576,1604698899,1605241815,1605778396,1606308715,1606832842,1607350847,1607862800,1608368770,1608868825,1609363032,1609851457,1610334167,1610811226,1611282699,1611748650,1612209142,1612664237,1613113997,1613558483,1613997756,1614431875,1614860899,1615284887,1615703896,1616117984,1616527207,1616931621,1617331282,1617726244,1618116561,1618502287,1618883474,1619260175,1619632442,1620000326,1620363877,1620723146,1621078182,1621429033,1621775749,1622118377,1622456965,1622791559,1623122206,1623448951,1623771840,1624090917,1624406227,1624717813,1625025719,1625329987,1625630660,1625927779,1626221386,1626511522,1626798227,1627081541,1627361504,1627638155,1627911532,1628181674,1628448618,1628712402,1628973062,1629230635,1629485157,1629736664,1629985191,1630230773,1630473445,1630713240,1630950192,1631184334,1631415700,1631644322,1631870232,1632093461,1632314042,1632532005,1632747381,1632960200,1633170493,1633378289,1633583617,1633786507,1633986987,1634185085,1634380829,1634574248,1634765368,1634954216,1635140820,1635325205,1635507398,1635687425,1635865311,1636041081,1636214761,1636386375,1636555947,1636723501,1636889061,1637052651,1637214294,1637374013,1637531831,1637687770,1637841852,1637994099,1638144533,1638293176,1638440048,1638585171,1638728565,1638870250,1639010247,1639148576,1639285256,1639420307,1639553749,1639685600,1639815879,1639944605,1640071796,1640197471,1640321647,1640444342,1640565574,1640685360,1640803717,1640920662,1641036212,1641150383,1641263192,1641374655,1641484788,1641593607,1641701127,1641807363,1641912331,1642016046,1642118523,1642219777,1642319822,1642418672,1642516342,1642612846,1642708197,1642802409,1642895496,1642987471,1643078348,1643168139,1643256857,1643344515,1643431126,1643516702,1643601256,1643684799,1643767344,1643848902,1643929486,1644009107,1644087776,1644165505,1644242304,1644318185,1644393159,1644467237,1644540429,1644612746,1644684198,1644754796,1644824550,1644893470,1644961565,1645028846,1645095322,1645161003,1645225899,1645290018,1645353370,1645415965,1645477811,1645538917,1645599292,1645658945,1645717884,1645776118,1645833655,1645890503,1645946671,1646002167,1646056999,1646111175,1646164702,1646217589,1646269843,1646321471,1646372481,1646422881,1646472677,1646521877,1646570488,1646618517,1646665972,1646712858,1646759183,1646804953,1646850175,1646894856,1646939002,1646982619,1647025714,1647068293,1647110362,1647151927,1647192995,1647233571,1647273661,1647313271,1647352406,1647391073,1647429277,1647467023,1647504317,1647541164,1647577570,1647613540,1647649079,1647684192,1647718884,1647753161,1647787027,1647820488,1647853548,1647886212,1647918484,1647950370,1647981874,1648013000,1648043753,1648074138,1648104159,1648133820,1648163126,1648192080,1648220687,1648248952,1648276878,1648304469,1648331730,1648358664,1648385275,1648411567,1648437544,1648463210,1648488568,1648513622,1648538376,1648562833,1648586997,1648610872,1648634460,1648657766,1648680792,1648703542,1648726020,1648748228,1648770170,1648791849,1648813268,1648834430,1648855339,1648875997,1648896407,1648916573,1648936497,1648956182,1648975631,1648994847,1649013832,1649032590,1649051123,1649069434,1649087525,1649105399,1649123059,1649140507,1649157746,1649174778,1649191606,1649208232,1649224659,1649240889,1649256924,1649272767,1649288420,1649303885,1649319165,1649334262,1649349178,1649363915,1649378475,1649392861,1649407074,1649421117,1649434991,1649448699,1649462242,1649475623,1649488844,1649501906,1649514811,1649527562,1649540160,1649552607,1649564904,1649577054,1649589058,1649600918,1649612636,1649624213,1649635652,1649646953,1649658119,1649669151,1649680051,1649690820,1649701460,1649711972,1649722358,1649732619,1649742757,1649752774,1649762671,1649772449,1649782110,1649791655,1649801085,1649810402,1649819607,1649828702,1649837688,1649846566,1649855338,1649864004,1649872566,1649881026,1649889384,1649897642,1649905801,1649913862,1649921826,1649929695,1649937469,1649945150,1649952739,1649960237,1649967645,1649974964,1649982195,1649989340,1649996399,1650003373,1650010263,1650017071,1650023797,1650030442,1650037008,1650043495,1650049904,1650056236,1650062492,1650068673,1650074780,1650080814,1650086775,1650092665,1650098484,1650104233,1650109913,1650115525,1650121070,1650126548,1650131961,1650137309,1650142593,1650147813,1650152971,1650158067,1650163102,1650168076,1650172990,1650177845,1650182642,1650187382,1650192065,1650196692,1650201263,1650205779,1650210241,1650214650,1650219006,1650223309,1650227561,1650231762,1650235912,1650240012,1650244063,1650248066,1650252021,1650255928,1650259788,1650263602,1650267370,1650271093,1650274771,1650278405,1650281996,1650285544,1650289049,1650292512,1650295933,1650299313,1650302653,1650305953,1650309213,1650312434,1650315616,1650318760,1650321866,1650324935,1650327967,1650330963,1650333923,1650336847,1650339736,1650342591,1650345411,1650348198,1650350951,1650353671,1650356358,1650359013,1650361636,1650364228,1650366789,1650369319,1650371819,1650374289,1650376729,1650379140,1650381522,1650383875,1650386200,1650388497,1650390766,1650393008,1650395223,1650397412,1650399574,1650401711,1650403822,1650405908,1650407969,1650410005,1650412016,1650414003,1650415966,1650417906,1650419823,1650421717,1650423588,1650425436,1650427262,1650429066

//Base - Adv Jobs
300,4001:4002:4003:4004:4005:4006:4007:4008:4009:4010:4011:4012:4013:4014:4015:4016:4017:4018:4019:4020:4021:4022,0,10,18,28,40,85,123,168,220,278,400,481,613,731,875,1038,1213,1400,1575,1775,2268,2604,2786,3136,3506,4130,4796,5508,6264,9645,12392,14220,16159,18209,21649,24451,27401,30499,33748,47342,58160,64711,71573,78749,90144,99312,108870,118816,129154,174196,213220,238080,264150,291427,329640,363155,398116,434526,472381,610848,731828,806448,884232,965180,1073896,1170382,1270556,1374422,1481976,1850800,3389616,3666333,3953534,4251217,4559382,5129260,5488173,5859059,6241919,7374168,9570662,10458427,11380262,12336168,13326144,14994907,16130400,17304200,18516326,19766760,21085096,22473939,23935933,25473761,27090141,28787825,30569594,32438257,34396650,36447628,38594068,40838862,43184915,45635142,48192464,50859807,53640095,56536248,59551182,62687799,65948990,69337627,72856561,76508620,80296602,84223275,88291372,92503586,96862571,101370933,106031232,110845975,115817614,120948544,126241098,131697545,137320088,143110859,149071919,155205253,161512770,167996297,174657580,181498280,188519973,195724146,203112195,210685425,218445048,226392181,234527844,242852961,251368358,260074760,268972793,278062983,287345754,296821429,306490229,316352273,326407578,336656059,347097530,357731703,368558190,379576502,390786051,402186149,413776012,425554759,437521412,449674899,462014055,474537623,487244256,500132518,513200886,526447751,539871420,553470119,567241993,581185110,595297462,609576966,624021468,638628745,653396504,668322389,683403980,698638797,714024301,729557897,745236936,761058717,777020492,793119465,809352795,825717601,842210961,858829917,875571475,892432609,909410264,926501355,943702774,961011389,978424047,995937576,1013548788,1031254481,1049051440,1066936441,1084906252,1102957634,1121087346,1139292145,1157568786,1175914029,1194324635,1212797373,1231329018,1249916355,1268556179,1287245299,1305980536,1324758729,1343576732,1362431419,1381319683,1400238439,1419184625,1438155202,1457147157,1476157502,1495183278,1514221554,1533269429,1552324031,1571382520,1590442090,1609499966,1628553409,1647599713,1666636209,1685660263,1704669278,1723660695,1742631992,1761580687,1780504336,1799400534,1818266916,1837101157,1855900974,1874664122,1893388399,1912071644,1930711737,1949306600,1967854196,1986352530,2004799649,2023193642,2041532640,2059814816,2078038384,2096201600,2114302763,2132340212,2150312328,2168217533,2186054291,2203821106,2221516523,2239139127,2256687544,2274160439,2291556517,2308874523,2326113241,2343271492,2360348137,2377342074,2394252239,2411077605,2427817182,2444470016,2461035190,2477511822,2493899065,2510196107,2526402170,2542516509,2558538414,2574467207,2590302243,2606042908,2621688620,2637238829,2652693014,2668050684,2683311379,2698474666,2713540143,2728507434,2743376192,2758146097,2772816855,2787388198,2801859883,2816231694,2830503439,2844674950,2858746082,2872716714,2886586747,2900356105,2914024733,2927592598,2941059688,2954426010,2967691593,2980856483,2993920747,3006884469,3019747752,3032510717,3045173501,3057736259,3070199161,3082562393,3094826158,3106990673,3119056170,3131022894,3142891106,3154661079,3166333099,3177907466,3189384491,3200764497,3212047820,3223234805,3234325809,3245321200,3256221356,3267026664,3277737521,3288354333,3298877514,3309307489,3319644689,3329889553,3340042528,3350104069,3360074637,3369954700,3379744733,3389445216,3399056636,3408579485,3418014261,3427361466,3436621608,3445795199,3454882755,3463884797,3472801849,3481634440,3490383101,3499048368,3507630778,3516130872,3524549194,3532886290,3541142708,3549318998,3557415713,3565433406,3573372633,3581233950,3589017916,3596725090,3604356032,3611911302,3619391462,3626797073,3634128697,3641386897,3648572235,3655685273,3662726573,3669696697,3676596205,3683425658,3690185617,3696876640,3703499285,3710054109,3716541669,3722962519,3729317213,3735606303,3741830339,3747989871,3754085446,3760117610,3766086907,3771993879,3777839066,3783623006,3789346235,3795009287,3800612694,3806156985,3811642688,3817070327,3822440424,3827753500,3833010071,3838210653,3843355757,3848445893,3853481568,3858463286,3863391548,3868266853,3873089696,3877860570,3882579965,3887248368,3891866263,3896434130,3900952448,3905421692,3909842333,3914214841,3918539681,3922817316,3927048205,3931232805,3935371569,3939464947,3943513385,3947517328,3951477216,3955393486,3959266573,3963096907,3966884916,3970631025,3974335655,3977999224,3981622147,3985204835,3988747697,3992251137,3995715558,3999141358,4002528933,4005878676,4009190975,4012466216,4015704782,4018907052,4022073402,4025204206,4028299834,4031360652,4034387025,4037379312,4040337871,4043263057,4046155220,4049014709,4051841869,4054637042,4057400566,4060132778,4062834010,4065504592,4068144851,4070755111,4073335693,4075886914,4078409090,4080902532,4083367550,4085804450,4088213536,4090595108,4092949463,4095276897,4097577701,4099852165,4102100575,4104323215,4106520366,4108692307,4110839312,4112961655,4115059606,4117133433,4119183400,4121209770,4123212802,4125192754,4127149880,4129084433,4130996662,4132886814,4134755133,4136601862,4138427240,4140231505,4142014891,4143777631,4145519954,4147242089,4148944261,4150626693,4152289606,4153933218,4155557746,4157163403,4158750402,4160318952,4161869260,4163401532,4164915971,4166412777,4167892150,4169354286,4170799380,4172227625,4173639211,4175034327,4176413160,4177775894,4179122712,4180453795,4181769321,4183069467,4184354408,4185624318,4186879367,4188119725,4189345560,4190557037,4191754321,4192937573,4194106954,4195262623,4196404736,4197533449,4198648916,4199751289,4200840717,4201917350,4202981334,4204032815,4205071936,4206098840,4207113668,4208116558,4209107648,4210087074,4211054971,4212011472,4212956708,4213890810,4214813906,4215726123,4216627588,4217518424,4218398755,4219268703,4220128387,4220977927,4221817441,4222647044,4223466852,4224276979,4225077537,4225868637,4226650390,4227422904,4228186286,4228940643,4229686080,4230422700,4231150607,4231869902,4232580686,4233283058,4233977116,4234662957,4235340677,4236010370,4236672131,4237326053,4237972227,4238610743,4239241692,4239865161,4240481239,4241090012,4241691565,4242285983,4242873350,4243453749,4244027261,4244593967,4245153947,4245707279,4246254042,4246794313,4247328169,4247855684,4248376933,4248891990,4249400928,4249903818,4250400732,4250891740,4251376912,4251856316,4252330020,4252798092,4253260597,4253717602,4254169171,4254615368,4255056257,4255491900,4255922359,4256347695,4256767969,4257183240,4257593568,4257999011,4258399627,4258795472,4259186603,4259573076,4259954946,4260332267,4260705093,4261073477,4261437472,4261797129,4262152500,4262503636,4262850586,4263193401,4263532129,4263866819,4264197518,4264524274,4264847134,4265166143,4265481348,4265792793,4266100523,4266404582,4266705014,4267001861,4267295166,4267584971,4267871318,4268154248,4268433801,4268710017,4268982936,4269252597,4269519039,4269782300,4270042418,4270299430,4270553373,4270804284,4271052198,4271297151,4271539179,4271778316,4272014596,4272248054,4272478723,4272706636,4272931826,4273154325,4273374166,4273591380,4273805998,4274018051,4274227570,4274434585,4274639125,4274841221,4275040901,4275238194,4275433128,4275625732,4275816033,4276004059,4276189837,4276373393,4276554754,4276733946,4276910995,4277085927,4277258767,4277429540,4277598270,4277764982,4277929700,4278092447,4278253247,4278412124,4278569100,4278724198,4278877440,4279028849,4279178446,4279326253,4279472291,4279616582,4279759146,4279900004,4280039176,4280176683,4280312544,4280446779,4280579407,4280710448,4280839920,4280967842,4281094233,4281219111,4281342494,4281464400,4281584846,4281703850,4281821429,4281937601,4282052382,4282165788,4282277836,4282388543,4282497924,4282605995,4282712772,4282818270,4282922505,4283025492,4283127245,4283227779,4283327109,4283425250,4283522215,4283618019,4283712675,4283806197,4283898599,4283989894,4284080096,4284169217,4284257270,4284344268,4284430224,4284515150,4284599059,4284681963,4284763873,4284844802,4284924761,4285003762,4285081817,4285158936,4285235131,4285310413,4285384793,4285458282,4285530890,4285602628,4285673507,4285743536,4285812726,4285881087,4285948628,4286015360,4286081292,4286146434,4286210795,4286274385,4286337213,4286399288,4286460619,4286521215,4286581084,4286640236,4286698679,4286756421,4286813471,4286869837,4286925527,4286980550,4287034913,4287088625,4287141693,4287194125,4287245928,4287297110,4287347678,4287397640,4287447003,4287495774,4287543961,4287591570,4287638608,4287685082,4287730999,4287776365,4287821187,4287865472,4287909226,4287952455,4287995166,4288037365,4288079058,4288120251,4288160950,4288201161,4288240890,4288280143,4288318925,4288357242,4288395099,4288432502,4288469457,4288505969,4288542043,4288577684,4288612898,4288647690,4288682064,4288716026,4288749581,4288782733,4288815488,4288847850,4288879824,4288911414,4288942626,4288973463,4289003930,4289034032,4289063773,4289093157,4289122189,4289150873,4289179213,4289207213,4289234877,4289262209,4289289213,4289315893,4289342253,4289368297,4289394029,4289419452,4289444570,4289469387,4289493906,4289518131,4289542066,4289565714,4289589078,4289612162,4289634969,4289657502,4289679765,4289701761,4289723493,4289744964,4289766178,4289787137,4289807845,4289828305,4289848519,4289868491,4289888223,4289907718,4289926979,4289946009,4289964811,4289983388,4290001742,4290019876,4290037792,4290055493,4290072982,4290090261,4290107333,4290124200,4290140865,4290157330,4290173597,4290189669,4290205548,4290221237,4290236737,4290252051,4290267182,4290282131,4290296901,4290311494,4290325912,4290340157,4290354231,4290368136,4290381874,4290395447,4290408857,4290422107,4290435198,4290448132,4290460910,4290473535,4290486009,4290498333,4290510509,4290522539,4290534425,4290546168,4290557770,4290569233,4290580558,4290591748,4290602803,4290613726,4290624518,4290635180,4290645714,4290656122,4290666405,4290676565,4290686603,4290696520,4290706318,4290715999,4290725564,4290735014,4290744350,4290753574,4290762688,4290771692,4290780588,4290789378,4290798062,4290806642,4290815119,4290823494,4290831769,4290839944,4290848021,4290856001,4290863886,4290871676,4290879373,4290886977,4290894490,4290901913,4290909247,4290916493,4290923652,4290930725,4290937713,4290944617,4290951438,4290958178,4290964837,4290971416,4290977916,4290984338,4290990683,4290996952,4291003145,4291009264,4291015310,4291021283,4291027184,4291033015,4291038776,4291044468,4291050091,4291055647,4291061136,4291066559,4291071917,4291077211,4291082441,4291087609,4291092715,4291097759,4291102743,4291107667,4291112532,4291117338,4291122087,4291126779

//Base - 3rd Jobs, Baby 3rds, Oboro/Kagerou, Rebellion, Summoner, Star Emperor, Soul Reaper
//Note: (First 98 values [Level 1 - 98] are only used by Summoner Class, because 3rd classes start at level 99.)
300,4054:4055:4056:4057:4058:4059:4060:4061:4062:4063:4064:4065:4066:4067:4068:4069:4070:4071:4072:4073:4074:4075:4076:4077:4078:4079:4080:4081:4082:4083:4084:4085:4086:4087:4096:4097:4098:4099:4100:4101:4102:4103:4104:4105:4106:4107:4108:4109:4110:4111:4112:4211:4212:4215:4218:4220:4223:4224:4229:4239:4240:4241:4242:4243:4244,0,10,18,28,40,85,123,168,220,278,400,481,613,731,875,1038,1213,1400,1575,1775,2268,2604,2786,3136,3506,4130,4796,5508,6264,9645,12392,14220,16159,18209,21649,24451,27401,30499,33748,47342,58160,64711,71573,78749,90144,99312,108870,118816,129154,174196,213220,238080,264150,291427,329640,363155,398116,434526,472381,610848,731828,806448,884232,965180,1073896,1170382,1270556,1374422,1481976,1850800,3389616,3666333,3953534,4251217,4559382,5129260,5488173,5859059,6241919,7374168,9570662,10458427,11380262,12336168,13326144,14994907,16130400,17304200,18516326,19766760,21085096,22473939,23935933,25473761,27090141,28787825,30569594,32438257,34396650,36447628,38594068,40838862,43184915,45635142,48192464,50859807,53640095,56536248,59551182,62687799,65948990,69337627,72856561,76508620,80296602,84223275,88291372,92503586,96862571,101370933,106031232,110845975,115817614,120948544,126241098,131697545,137320088,143110859,149071919,155205253,161512770,167996297,174657580,181498280,188519973,195724146,203112195,210685425,218445048,226392181,234527844,242852961,251368358,260074760,268972793,278062983,287345754,296821429,306490229,316352273,326407578,336656059,347097530,357731703,368558190,379576502,390786051,402186149,413776012,425554759,437521412,449674899,462014055,474537623,487244256,500132518,513200886,526447751,539871420,553470119,567241993,581185110,595297462,609576966,624021468,638628745,653396504,668322389,683403980,698638797,714024301,729557897,745236936,761058717,777020492,793119465,809352795,825717601,842210961,858829917,875571475,892432609,909410264,926501355,943702774,961011389,978424047,995937576,1013548788,1031254481,1049051440,1066936441,1084906252,1102957634,1121087346,1139292145,1157568786,1175914029,1194324635,1212797373,1231329018,1249916355,1268556179,1287245299,1305980536,1324758729,1343576732,1362431419,1381319683,1400238439,1419184625,1438155202,1457147157,1476157502,1495183278,1514221554,1533269429,1552324031,1571382520,1590442090,1609499966,1628553409,1647599713,1666636209,1685660263,1704669278,1723660695,1742631992,1761580687,1780504336,1799400534,1818266916,1837101157,1855900974,1874664122,1893388399,1912071644,1930711737,1949306600,1967854196,1986352530,2004799649,2023193642,2041532640,2059814816,2078038384,2096201600,2114302763,2132340212,2150312328,2168217533,2186054291,2203821106,2221516523,2239139127,2256687544,2274160439,2291556517,2308874523,2326113241,2343271492,2360348137,2377342074,2394252239,2411077605,2427817182,2444470016,2461035190,2477511822,2493899065,2510196107,2526402170,2542516509,2558538414,2574467207,2590302243,2606042908,2621688620,2637238829,2652693014,2668050684,2683311379,2698474666,2713540143,2728507434,2743376192,2758146097,2772816855,2787388198,2801859883,2816231694,2830503439,2844674950,2858746082,2872716714,2886586747,2900356105,2914024733,2927592598,2941059688,2954426010,2967691593,2980856483,2993920747,3006884469,3019747752,3032510717,3045173501,3057736259,3070199161,3082562393,3094826158,3106990673,3119056170,3131022894,3142891106,3154661079,3166333099,3177907466,3189384491,3200764497,3212047820,3223234805,3234325809,3245321200,3256221356,3267026664,3277737521,3288354333,3298877514,3309307489,3319644689,3329889553,3340042528,3350104069,3360074637,3369954700,3379744733,3389445216,3399056636,3408579485,3418014261,3427361466,3436621608,3445795199,3454882755,3463884797,3472801849,3481634440,3490383101,3499048368,3507630778,3516130872,3524549194,3532886290,3541142708,3549318998,3557415713,3565433406,3573372633,3581233950,3589017916,3596725090,3604356032,3611911302,3619391462,3626797073,3634128697,3641386897,3648572235,3655685273,3662726573,3669696697,3676596205,3683425658,3690185617,3696876640,3703499285,3710054109,3716541669,3722962519,3729317213,3735606303,3741830339,3747989871,3754085446,3760117610,3766086907,3771993879,3777839066,3783623006,3789346235,3795009287,3800612694,3806156985,3811642688,3817070327,3822440424,3827753500,3833010071,3838210653,3843355757,3848445893,3853481568,3858463286,3863391548,3868266853,3873089696,3877860570,3882579965,3887248368,3891866263,3896434130,3900952448,3905421692,3909842333,3914214841,3918539681,3922817316,3927048205,3931232805,3935371569,3939464947,3943513385,3947517328,3951477216,3955393486,3959266573,3963096907,3966884916,3970631025,3974335655,3977999224,3981622147,3985204835,3988747697,3992251137,3995715558,3999141358,4002528933,4005878676,4009190975,4012466216,4015704782,4018907052,4022073402,4025204206,4028299834,4031360652,4034387025,4037379312,4040337871,4043263057,4046155220,4049014709,4051841869,4054637042,4057400566,4060132778,4062834010,4065504592,4068144851,4070755111,4073335693,4075886914,4078409090,4080902532,4083367550,4085804450,4088213536,4090595108,4092949463,4095276897,4097577701,4099852165,4102100575,4104323215,4106520366,4108692307,4110839312,4112961655,4115059606,4117133433,4119183400,4121209770,4123212802,4125192754,4127149880,4129084433,4130996662,4132886814,4134755133,4136601862,4138427240,4140231505,4142014891,4143777631,4145519954,4147242089,4148944261,4150626693,4152289606,4153933218,4155557746,4157163403,4158750402,4160318952,4161869260,4163401532,4164915971,4166412777,4167892150,4169354286,4170799380,4172227625,4173639211,4175034327,4176413160,4177775894,4179122712,4180453795,4181769321,4183069467,4184354408,4185624318,4186879367,4188119725,4189345560,4190557037,4191754321,4192937573,4194106954,4195262623,4196404736,4197533449,4198648916,4199751289,4200840717,4201917350,4202981334,4204032815,4205071936,4206098840,4207113668,4208116558,4209107648,4210087074,4211054971,4212011472,4212956708,4213890810,4214813906,4215726123,4216627588,4217518424,4218398755,4219268703,4220128387,4220977927,4221817441,4222647044,4223466852,4224276979,4225077537,4225868637,4226650390,4227422904,4228186286,4228940643,4229686080,4230422700,4231150607,4231869902,4232580686,4233283058,4233977116,4234662957,4235340677,4236010370,4236672131,4237326053,4237972227,4238610743,4239241692,4239865161,4240481239,4241090012,4241691565,4242285983,4242873350,4243453749,4244027261,4244593967,4245153947,4245707279,4246254042,4246794313,4247328169,4247855684,4248376933,4248891990,4249400928,4249903818,4250400732,4250891740,4251376912,4251856316,4252330020,4252798092,4253260597,4253717602,4254169171,4254615368,4255056257,4255491900,4255922359,4256347695,4256767969,4257183240,4257593568,4257999011,4258399627,4258795472,4259186603,4259573076,4259954946,4260332267,4260705093,4261073477,4261437472,4261797129,4262152500,4262503636,4262850586,4263193401,4263532129,4263866819,4264197518,4264524274,4264847134,4265166143,4265481348,4265792793,4266100523,4266404582,4266705014,4267001861,4267295166,4267584971,4267871318,4268154248,4268433801,4268710017,4268982936,4269252597,4269519039,4269782300,4270042418,4270299430,4270553373,4270804284,4271052198,4271297151,4271539179,4271778316,4272014596,4272248054,4272478723,4272706636,4272931826,4273154325,4273374166,4273591380,4273805998,4274018051,4274227570,4274434585,4274639125,4274841221,4275040901,4275238194,4275433128,4275625732,4275816033,4276004059,4276189837,4276373393,4276554754,4276733946,4276910995,4277085927,4277258767,4277429540,4277598270,4277764982,4277929700,4278092447,4278253247,4278412124,4278569100,4278724198,4278877440,4279028849,4279178446,4279326253,4279472291,4279616582,4279759146,4279900004,4280039176,4280176683,4280312544,4280446779,4280579407,4280710448,4280839920,4280967842,4281094233,4281219111,4281342494,4281464400,4281584846,4281703850,4281821429,4281937601,4282052382,4282165788,4282277836,4282388543,4282497924,4282605995,4282712772,4282818270,4282922505,4283025492,4283127245,4283227779,4283327109,4283425250,4283522215,4283618019,4283712675,4283806197,4283898599,4283989894,4284080096,4284169217,4284257270,4284344268,4284430224,4284515150,4284599059,4284681963,4284763873,4284844802,4284924761,4285003762,4285081817,4285158936,4285235131,4285310413,4285384793,4285458282,4285530890,4285602628,4285673507,4285743536,4285812726,4285881087,4285948628,4286015360,4286081292,4286146434,4286210795,4286274385,4286337213,4286399288,4286460619,4286521215,4286581084,4286640236,4286698679,4286756421,4286813471,4286869837,4286925527,4286980550,4287034913,4287088625,4287141693,4287194125,4287245928,4287297110,4287347678,4287397640,4287447003,4287495774,4287543961,4287591570,4287638608,4287685082,4287730999,4287776365,4287821187,4287865472,4287909226,4287952455,4287995166,4288037365,4288079058,4288120251,4288160950,4288201161,4288240890,4288280143,4288318925,4288357242,4288395099,4288432502,4288469457,4288505969,4288542043,4288577684,4288612898,4288647690,4288682064,4288716026,4288749581,4288782733,4288815488,4288847850,4288879824,4288911414,4288942626,4288973463,4289003930,4289034032,4289063773,4289093157,4289122189,4289150873,4289179213,4289207213,4289234877,4289262209,4289289213,4289315893,4289342253,4289368297,4289394029,4289419452,4289444570,4289469387,4289493906,4289518131,4289542066,4289565714,4289589078,4289612162,4289634969,4289657502,4289679765,4289701761,4289723493,4289744964,4289766178,4289787137,4289807845,4289828305,4289848519,4289868491,4289888223,4289907718,4289926979,4289946009,4289964811,4289983388,4290001742,4290019876,4290037792,4290055493,4290072982,4290090261,4290107333,4290124200,4290140865,4290157330,4290173597,4290189669,4290205548,4290221237,4290236737,4290252051,4290267182,4290282131,4290296901,4290311494,4290325912,4290340157,4290354231,4290368136,4290381874,4290395447,4290408857,4290422107,4290435198,4290448132,4290460910,4290473535,4290486009,4290498333,4290510509,4290522539,4290534425,4290546168,4290557770,4290569233,4290580558,4290591748,4290602803,4290613726,4290624518,4290635180,4290645714,4290656122,4290666405,4290676565,4290686603,4290696520,4290706318,4290715999,4290725564,4290735014,4290744350,4290753574,4290762688,4290771692,4290780588,4290789378,4290798062,4290806642,4290815119,4290823494,4290831769,4290839944,4290848021,4290856001,4290863886,4290871676,4290879373,4290886977,4290894490,4290901913,4290909247,4290916493,4290923652,4290930725,4290937713,4290944617,4290951438,4290958178,4290964837,4290971416,4290977916,4290984338,4290990683,4290996952,4291003145,4291009264,4291015310,4291021283,4291027184,4291033015,4291038776,4291044468,4291050091,4291055647,4291061136,4291066559,4291071917,4291077211,4291082441,4291087609,4291092715,4291097759,4291102743,4291107667,4291112532,4291117338,4291122087,4291126779

//Base - Expanded Super Novice & Expanded Super Baby
300,4190:4191,0,10,18,28,40,85,123,168,220,278,400,481,613,731,875,1038,1213,1400,1575,1775,2268,2604,2786,3136,3506,4130,4796,5508,6264,9645,12392,14220,16159,18209,21649,24451,27401,30499,33748,47342,58160,64711,71573,78749,90144,99312,108870,118816,129154,174196,213220,238080,264150,291427,329640,363155,398116,434526,472381,610848,731828,806448,884232,965180,1073896,1170382,1270556,1374422,1481976,1850800,3389616,3666333,3953534,4251217,4559382,5129260,5488173,5859059,6241919,7374168,9570662,10458427,11380262,12336168,13326144,14994907,16130400,17304200,18516326,19766760,21085096,22473939,23935933,25473761,27090141,28787825,30569594,32438257,34396650,36447628,38594068,40838862,43184915,45635142,48192464,50859807,53640095,56536248,59551182,62687799,65948990,69337627,72856561,76508620,80296602,84223275,88291372,92503586,96862571,101370933,106031232,110845975,115817614,120948544,126241098,131697545,137320088,143110859,149071919,155205253,161512770,167996297,174657580,181498280,188519973,195724146,203112195,210685425,218445048,226392181,234527844,242852961,251368358,260074760,268972793,278062983,287345754,296821429,306490229,316352273,326407578,336656059,347097530,357731703,368558190,379576502,390786051,402186149,413776012,425554759,437521412,449674899,462014055,474537623,487244256,500132518,513200886,526447751,539871420,553470119,567241993,581185110,595297462,609576966,624021468,638628745,653396504,668322389,683403980,698638797,714024301,729557897,745236936,761058717,777020492,793119465,809352795,825717601,842210961,858829917,875571475,892432609,909410264,926501355,943702774,961011389,978424047,995937576,1013548788,1031254481,1049051440,1066936441,1084906252,1102957634,1121087346,1139292145,1157568786,1175914029,1194324635,1212797373,1231329018,1249916355,1268556179,1287245299,1305980536,1324758729,1343576732,1362431419,1381319683,1400238439,1419184625,1438155202,1457147157,1476157502,1495183278,1514221554,1533269429,1552324031,1571382520,1590442090,1609499966,1628553409,1647599713,1666636209,1685660263,1704669278,1723660695,1742631992,1761580687,1780504336,1799400534,1818266916,1837101157,1855900974,1874664122,1893388399,1912071644,1930711737,1949306600,1967854196,1986352530,2004799649,2023193642,2041532640,2059814816,2078038384,2096201600,2114302763,2132340212,2150312328,2168217533,2186054291,2203821106,2221516523,2239139127,2256687544,2274160439,2291556517,2308874523,2326113241,2343271492,2360348137,2377342074,2394252239,2411077605,2427817182,2444470016,2461035190,2477511822,2493899065,2510196107,2526402170,2542516509,2558538414,2574467207,2590302243,2606042908,2621688620,2637238829,2652693014,2668050684,2683311379,2698474666,2713540143,2728507434,2743376192,2758146097,2772816855,2787388198,2801859883,2816231694,2830503439,2844674950,2858746082,2872716714,2886586747,2900356105,2914024733,2927592598,2941059688,2954426010,2967691593,2980856483,2993920747,3006884469,3019747752,3032510717,3045173501,3057736259,3070199161,3082562393,3094826158,3106990673,3119056170,3131022894,3142891106,3154661079,3166333099,3177907466,3189384491,3200764497,3212047820,3223234805,3234325809,3245321200,3256221356,3267026664,3277737521,3288354333,3298877514,3309307489,3319644689,3329889553,3340042528,3350104069,3360074637,3369954700,3379744733,3389445216,3399056636,3408579485,3418014261,3427361466,3436621608,3445795199,3454882755,3463884797,3472801849,3481634440,3490383101,3499048368,3507630778,3516130872,3524549194,3532886290,3541142708,3549318998,3557415713,3565433406,3573372633,3581233950,3589017916,3596725090,3604356032,3611911302,3619391462,3626797073,3634128697,3641386897,3648572235,3655685273,3662726573,3669696697,3676596205,3683425658,3690185617,3696876640,3703499285,3710054109,3716541669,3722962519,3729317213,3735606303,3741830339,3747989871,3754085446,3760117610,3766086907,3771993879,3777839066,3783623006,3789346235,3795009287,3800612694,3806156985,3811642688,3817070327,3822440424,3827753500,3833010071,3838210653,3843355757,3848445893,3853481568,3858463286,3863391548,3868266853,3873089696,3877860570,3882579965,3887248368,3891866263,3896434130,3900952448,3905421692,3909842333,3914214841,3918539681,3922817316,3927048205,3931232805,3935371569,3939464947,3943513385,3947517328,3951477216,3955393486,3959266573,3963096907,3966884916,3970631025,3974335655,3977999224,3981622147,3985204835,3988747697,3992251137,3995715558,3999141358,4002528933,4005878676,4009190975,4012466216,4015704782,4018907052,4022073402,4025204206,4028299834,4031360652,4034387025,4037379312,4040337871,4043263057,4046155220,4049014709,4051841869,4054637042,4057400566,4060132778,4062834010,4065504592,4068144851,4070755111,4073335693,4075886914,4078409090,4080902532,4083367550,4085804450,4088213536,4090595108,4092949463,4095276897,4097577701,4099852165,4102100575,4104323215,4106520366,4108692307,4110839312,4112961655,4115059606,4117133433,4119183400,4121209770,4123212802,4125192754,4127149880,4129084433,4130996662,4132886814,4134755133,4136601862,4138427240,4140231505,4142014891,4143777631,4145519954,4147242089,4148944261,4150626693,4152289606,4153933218,4155557746,4157163403,4158750402,4160318952,4161869260,4163401532,4164915971,4166412777,4167892150,4169354286,4170799380,4172227625,4173639211,4175034327,4176413160,4177775894,4179122712,4180453795,4181769321,4183069467,4184354408,4185624318,4186879367,4188119725,4189345560,4190557037,4191754321,4192937573,4194106954,4195262623,4196404736,4197533449,4198648916,4199751289,4200840717,4201917350,4202981334,4204032815,4205071936,4206098840,4207113668,4208116558,4209107648,4210087074,4211054971,4212011472,4212956708,4213890810,4214813906,4215726123,4216627588,4217518424,4218398755,4219268703,4220128387,4220977927,4221817441,4222647044,4223466852,4224276979,4225077537,4225868637,4226650390,4227422904,4228186286,4228940643,4229686080,4230422700,4231150607,4231869902,4232580686,4233283058,4233977116,4234662957,4235340677,4236010370,4236672131,4237326053,4237972227,4238610743,4239241692,4239865161,4240481239,4241090012,4241691565,4242285983,4242873350,4243453749,4244027261,4244593967,4245153947,4245707279,4246254042,4246794313,4247328169,4247855684,4248376933,4248891990,4249400928,4249903818,4250400732,4250891740,4251376912,4251856316,4252330020,4252798092,4253260597,4253717602,4254169171,4254615368,4255056257,4255491900,4255922359,4256347695,4256767969,4257183240,4257593568,4257999011,4258399627,4258795472,4259186603,4259573076,4259954946,4260332267,4260705093,4261073477,4261437472,4261797129,4262152500,4262503636,4262850586,4263193401,4263532129,4263866819,4264197518,4264524274,4264847134,4265166143,4265481348,4265792793,4266100523,4266404582,4266705014,4267001861,4267295166,4267584971,4267871318,4268154248,4268433801,4268710017,4268982936,4269252597,4269519039,4269782300,4270042418,4270299430,4270553373,4270804284,4271052198,4271297151,4271539179,4271778316,4272014596,4272248054,4272478723,4272706636,4272931826,4273154325,4273374166,4273591380,4273805998,4274018051,4274227570,4274434585,4274639125,4274841221,4275040901,4275238194,4275433128,4275625732,4275816033,4276004059,4276189837,4276373393,4276554754,4276733946,4276910995,4277085927,4277258767,4277429540,4277598270,4277764982,4277929700,4278092447,4278253247,4278412124,4278569100,4278724198,4278877440,4279028849,4279178446,4279326253,4279472291,4279616582,4279759146,4279900004,4280039176,4280176683,4280312544,4280446779,4280579407,4280710448,4280839920,4280967842,4281094233,4281219111,4281342494,4281464400,4281584846,4281703850,4281821429,4281937601,4282052382,4282165788,4282277836,4282388543,4282497924,4282605995,4282712772,4282818270,4282922505,4283025492,4283127245,4283227779,4283327109,4283425250,4283522215,4283618019,4283712675,4283806197,4283898599,4283989894,4284080096,4284169217,4284257270,4284344268,4284430224,4284515150,4284599059,4284681963,4284763873,4284844802,4284924761,4285003762,4285081817,4285158936,4285235131,4285310413,4285384793,4285458282,4285530890,4285602628,4285673507,4285743536,4285812726,4285881087,4285948628,4286015360,4286081292,4286146434,4286210795,4286274385,4286337213,4286399288,4286460619,4286521215,4286581084,4286640236,4286698679,4286756421,4286813471,4286869837,4286925527,4286980550,4287034913,4287088625,4287141693,4287194125,4287245928,4287297110,4287347678,4287397640,4287447003,4287495774,4287543961,4287591570,4287638608,4287685082,4287730999,4287776365,4287821187,4287865472,4287909226,4287952455,4287995166,4288037365,4288079058,4288120251,4288160950,4288201161,4288240890,4288280143,4288318925,4288357242,4288395099,4288432502,4288469457,4288505969,4288542043,4288577684,4288612898,4288647690,4288682064,4288716026,4288749581,4288782733,4288815488,4288847850,4288879824,4288911414,4288942626,4288973463,4289003930,4289034032,4289063773,4289093157,4289122189,4289150873,4289179213,4289207213,4289234877,4289262209,4289289213,4289315893,4289342253,4289368297,4289394029,4289419452,4289444570,4289469387,4289493906,4289518131,4289542066,4289565714,4289589078,4289612162,4289634969,4289657502,4289679765,4289701761,4289723493,4289744964,4289766178,4289787137,4289807845,4289828305,4289848519,4289868491,4289888223,4289907718,4289926979,4289946009,4289964811,4289983388,4290001742,4290019876,4290037792,4290055493,4290072982,4290090261,4290107333,4290124200,4290140865,4290157330,4290173597,4290189669,4290205548,4290221237,4290236737,4290252051,4290267182,4290282131,4290296901,4290311494,4290325912,4290340157,4290354231,4290368136,4290381874,4290395447,4290408857,4290422107,4290435198,4290448132,4290460910,4290473535,4290486009,4290498333,4290510509,4290522539,4290534425,4290546168,4290557770,4290569233,4290580558,4290591748,4290602803,4290613726,4290624518,4290635180,4290645714,4290656122,4290666405,4290676565,4290686603,4290696520,4290706318,4290715999,4290725564,4290735014,4290744350,4290753574,4290762688,4290771692,4290780588,4290789378,4290798062,4290806642,4290815119,4290823494,4290831769,4290839944,4290848021,4290856001,4290863886,4290871676,4290879373,4290886977,4290894490,4290901913,4290909247,4290916493,4290923652,4290930725,4290937713,4290944617,4290951438,4290958178,4290964837,4290971416,4290977916,4290984338,4290990683,4290996952,4291003145,4291009264,4291015310,4291021283,4291027184,4291033015,4291038776,4291044468,4291050091,4291055647,4291061136,4291066559,4291071917,4291077211,4291082441,4291087609,4291092715,4291097759,4291102743,4291107667,4291112532,4291117338,4291122087,4291126779

//Job - Novice & Baby Novice
10,0:4023,1,10,18,28,40,91,151,205,268,340,999999999

//Job - 1st Classes & Baby 1st Classes, Taekwon
150,1:2:3:4:5:6:4024:4025:4026:4027:4028:4029:4046:4050:4225,1,660,1080,1800,2640,3840,4560,5040,5460,6000,6600,7200,7320,7620,8040,8820,9600,10080,10560,11040,12610,13390,14300,15340,16900,18460,19500,20800,22100,23400,24700,26000,27300,28600,30160,31200,33800,35750,37700,39000,44100,46200,47600,50400,52500,53200,56000,58800,62300,65800,68600,71400,74200,77000,79800,82600,86100,88200,91000,93800,103500,105000,109500,115500,120000,126000,132000,136500,142500,165000,192000,210000,232500,244500,255000,270000,282000,292500,300000,345000,416000,480000,560000,640000,768000,880000,960000,1088000,1200000,1440000,1700000,2040000,2550000,3060000,3570000,4080000,4760000,5610000,6800000,7070000,7400000,77700,8150000,8550000,9100000,9610000,10150000,10570000,11180000,12000000,12200000,12930000,13150000,14030000,14420000,15420000,15670000,16870000,17140000,18720000,19020000,20590000,20930000,22690000,23310000,25290000,26020000,27860000,28535000,30990000,31680000,33560000,34942000,36372000,38350000,39890000,41545000,43330000,45400000,48100000,50410000,53370000,56250000,59230000,62590000,66120000,70200000,75330000,81100000,95000000,98000000,103000000,107000000,112000000,116000000,121000000,125000000,130000000,134000000,139000000,145000000,152200000,160840000,171200000,191930000,202290000,214720000,229640000,247550000,283370000,301280000,322770000,348560000,379500000,441390000,99999999

//Job - 2nd Classes & Baby 2nd Classes, Soul Linker
150,7:8:9:10:11:12:13:14:15:16:17:18:19:20:21:4030:4031:4032:4033:4034:4035:4036:4037:4038:4039:4040:4041:4042:4043:4044:4049:4051:4052:4227,1,144,184,284,348,603,887,1096,1598,2540,3676,4290,4946,6679,9492,12770,14344,16005,20642,27434,35108,38577,42206,52708,66971,82688,89544,96669,117821,144921,174201,186677,199584,238617,286366,337147,358435,380376,447685,526989,610246,704689,811527,932059,1067681,1219884,1390260,1580501,1792401,2027857,2288870,2577542,2896079,3246785,3632064,4054414,4516427,5020783,5570245,6167657,6815936,7518065,8277089,9096106,9978260,10926733,11944736,13035502,14202274,15448298,16776813,18191041,19694176,21289377,22979756,24768369,26658206,28652182,30753126,32963775,35286762,37724609,40279720,42954371,45750705,48670723,51716280,54889077,58190657,61622401,65185522,68881063,72709894,76672708,80770021,85002169,89369310,93871421,98508300,103279567,108184665,113222861,118393251,123694760,129126148,134686012,140372791,146184770,152120084,158176725,164352547,170645270,177052488,183571672,190200181,196935263,203774065,210713640,217750950,224882876,232106223,239417728,246814065,254291853,261847661,269478017,277179412,284948306,292781137,300674324,308624274,316627388,324680066,332778713,340919742,349099582,357314681,365561510,373836570,382136392,390457544,398796635,407150316,415515285,423888291,432266134,440645671,449023816,457397543,465763888,474119952,482462902,490789971,499098461,507385745,515649266,523886539,532095151,540272763,548417108,556525995,564597304,572628991,580619086,588565690,596466980,604321205,612126687,619881818,627585062,635234954,642830098,650369167,657850901,665274107,672637658,679940491,687181606,694360067,701474996,708525577,715511052,722430719,729283933,736070103,742788691,749439211,756021226,762534350,768978243,775352612,781657209,787891828,794056307,800150524,806174396,812127878,818010962,823823676,829566082,835238274,840840378,846372551,851834978,857227874,862551478,867806057,872991902,878109327,883158668,888140283,893054550,897901867,902682649,907397329,912046357,916630197,921149329,925604246,929995454,934323471,938588826,942792060,946933722,951014371,955034574,958994906,962895949,966738291,970522526,974249254,977919079,981532609,985090456,988593235,992041563,995436060,998777348,1002066049,1005302786,1008488184,1011622866,1014707457,1017742580,1020728856,1023666907,1026557352,1029400809,1032197893,1034949218,1037655393,1040317027,1042934723,1045509083,1048040705,1050530182,1052978105,1055385060,1057751629,1060078390,1062365915,1064614774,1066825530,1068998742,1071134965,1073234748,1075298634,1077327163,1079320868,1081280278,1083205916,1085098299,1086957939,1088785342,1090581010,1092345438,1094079115,1095782526,1097456149,1099100457,1100715917,1102302990,1103862133,1105393795,1106898420,1108376447,1109828309,1111254434,1112655243,1114031153,1115382574,1116709911,1118013563,1119293924,1120551383,1121786323,1122999122,1124190152,1125359779,1126508366,1127636269,1128743839,1129831422,1130899359,1131947986,1132977634,1133988629,1134981292,1135955938,1136912879,1137852422,1138774868,1139680514,1140569653,1141442572,1142299555,1143140880,1143966822,1144777651,1145573633,1146355029,1147122096,1147875088,1148614253,1149339836,1150052079,1150751218,1151437486,1152111113,1152772324,1153421341,1154058381,1154683659,1155297386,1155899769,1156491012,1157071316,1157640877,1158199889,1158748542,1159287023,1159815516,1160334201,1160843257,1161342858,1161833175,1162314377,1162786630,1163250097,1163704937,1164151308,1164589365,1165019259,1165441139,1165855152,1166261441,1166660148,1167051412,1167435370,1167812155,1168181900,1168544733,1168900782,1169250171,1169593023,1169929459,1170259597,1170583552,1170901439,1171213370,1171519455,1171819803,1172114519,1172403707,1172687470,1172965908,1173239120,1173507203,1173770252,1174028360,1174281619,1174530119,1174773949,1175013195,1175247943,1175478276,1175704277,1175926026,1176143603,1176357085,1176566548,1176772068,1176973718,1177171570,1177365695,1177556163,1177743042,1177926399,1178106300,1178282809,1178455990,1178625906,1178792617,1178956183,1179116664,1179274117,1179428599,1179580165,1179728870,1179874768,1180017912,1180158353,1180296142,1180431328,1180563961,1180694088,1180821757,1180947013,1181069902,1181190469,1181308757,1181424809,1181538667,1181650373,1181759966,1181867487,1181972975,1182076467,1182178002,1182277616,1182375346,1182471227,1182565293,1182657579,1182748119,1182836945,1182924090,1183009586,1183093463,1183175752,1183256483,1183335686,1183413389,1183489621,1183564409,1183637781,1183709763,1183780382,1183849663,1183917632,1183984313,1184049731,1184113909,1184176871,1184238640,1184299239,1184358689,1184417013,1184474231,1184530365,1184585435,1184639461,1184692463,1184744460,1184795471,1184845515,1184894611,1184942776,1184990027,1185036382,1185081858,1185126472,1185170240,1185213178,1185255302,1185296627,1185337168,1185376940,1185415958,1185454236,1185491788,1185528627,1185564767,1185600222,1185635004,1185669126,1185702601,1185735441,1185767658,1185799263,1185830269,1185860686,1185890526,1185919800,1185948518,1185976691,1186004330,1186031444,1186058044,1186084139,1186109739,1186134853,1186159490,1186183659,1186207370,1186230631,1186253450,1186275836,1186297797,1186319341,1186340476,1186361210,1186381550,1186401504,1186421079,1186440283,1186459122,1186477604,1186495735,1186513521,1186530970,1186548087,1186564879,1186581353,1186597514,1186613368,1186628921,1186644179,1186659147,1186673831,1186688236,1186702367,1186716230,1186729830,1186743172,1186756260,1186769100,1186781696,1186794053,1186806175,1186818067,1186829733,1186841177,1186852404,1186863418,1186874223,1186884822,1186895220,1186905421,1186915428,1186925245,1186934875,1186944322,1186953590,1186962682,1186971601,1186980351,1186988935,1186997356,1187005617,1187013721,1187021671,1187029470,1187037121,1187044626,1187051989,1187059212,1187066298,1187073249,1187080068,1187086758,1187093321,1187099759,1187106075,1187112271,1187118349,1187124311,1187130160,1187135898,1187141527,1187147049,1187152466,1187157780,1187162993,1187168107,1187173124,1187178046,1187182874,1187187611,1187192258,1187196816,1187201288,1187205675,1187209978,1187214200,1187218341,1187222404,1187226390,1187230300,1187234136,1187237899,1187241590,1187245211,1187248763,1187252248,1187255667,1187259021,1187262311,1187265538,1187268704,1187271810,1187274857,1187277846,1187280778,1187283655,1187286477,1187289245,1187291961,1187294625,1187297238,1187299802,1187302317,1187304784,1187307204,1187309578,1187311907,1187314192,1187316434,1187318633,1187320790,1187322906,1187324982,1187327019,1187329017,1187330977,1187332900,1187334786,1187336636,1187338451,1187340232,1187341979,1187343693,1187345374,1187347023,1187348641,1187350228,1187351785,1187353312,1187354810,1187356280,1187357722,1187359136,1187360524,1187361885,1187363220,1187364530,1187365815,1187367076,1187368313,1187369526,1187370716,1187371883,1187373028,1187374151,1187375253,1187376334,1187377395,1187378435,1187379456,1187380457,1187381439,1187382403,1187383348,1187384275,1187385185,1187386077,1187386952,1187387811,1187388653,1187389479,1187390290,1187391085,1187391865,1187392630,1187393381,1187394118,1187394841,1187395550,1187396245,1187396927,1187397596,1187398252,1187398896,1187399528,1187400148,1187400756,1187401352,1187401937,1187402511,1187403074,1187403626,1187404168,1187404699,1187405220,1187405731,1187406233,1187406725,1187407208,1187407682,1187408147,1187408603,1187409050,1187409489,1187409919,1187410341,1187410755,1187411161,1187411559,1187411950,1187412333,1187412709,1187413078,1187413440,1187413795,1187414143,1187414485,1187414820,1187415149,1187415472,1187415788,1187416098,1187416402,1187416701,1187416994,1187417281,1187417563,1187417840,1187418111,1187418377,1187418638,1187418894,1187419145,1187419391,1187419633,1187419870,1187420103,1187420331,1187420555,1187420775,1187420990,1187421201,1187421408,1187421611,1187421810,1187422006,1187422198,1187422386,1187422571,1187422752,1187422930,1187423104,1187423275,1187423443,1187423608,1187423769,1187423927,1187424082,1187424234,1187424383,1187424530,1187424674,1187424815,1187424953,1187425089,1187425222,1187425353,1187425481,1187425607,1187425730,1187425851,1187425970,1187426086,1187426200,1187426312,1187426422,1187426530,1187426636,1187426740,1187426842,1187426942,1187427040,1187427136,1187427230,1187427322,1187427413,1187427502,1187427589,1187427674,1187427758,1187427840,1187427921,1187428000,1187428078,1187428154,1187428229,1187428302,1187428374,1187428444,1187428513,1187428581,1187428648,1187428713,1187428777,1187428840,1187428902,1187428962,1187429021,1187429079,1187429136,1187429192,1187429247,1187429301,1187429354,1187429406,1187429457,1187429507,1187429556,1187429604,1187429651,1187429697,1187429742,1187429786,1187429829,1187429872,1187429914,1187429955,1187429995,1187430034,1187430073,1187430111,1187430148,1187430184,1187430220,1187430255,1187430289,1187430323,1187430356,1187430388,1187430420,1187430451,1187430482,1187430512,1187430541,1187430570,1187430598,1187430626,1187430653,1187430680,1187430706,1187430732,1187430757,1187430782,1187430806,1187430830,1187430853,1187430876,1187430898,1187430920,1187430942,1187430963,1187430984,1187431004,1187431024,1187431044,1187431063,1187431082,1187431100,1187431118,1187431136,1187431153,1187431170,1187431187,1187431203,1187431219,1187431235,1187431250,1187431265,1187431280,1187431295,1187431309,1187431323,1187431337,1187431350,1187431363,1187431376,1187431389,1187431401,1187431413,1187431425,1187431437,1187431448,1187431459,1187431470,1187431481,1187431492,1187431502,1187431512,1187431522,1187431532,1187431542,1187431551,1187431560,1187431569,1187431578,1187431587,1187431595,1187431603,1187431611,1187431619,1187431627,1187431635,1187431642,1187431649,1187431656,1187431663,1187431670,1187431677,1187431684,1187431690,1187431696,1187431702,1187431708,1187431714,1187431720,1187431726,1187431732,1187431737,1187431742,1187431747,1187431752,1187431757,1187431762,1187431767,1187431772,1187431777,1187431782,1187431786,1187431790,1187431794,1187431798,1187431802,1187431806,1187431810,1187431814,1187431818,1187431822,1187431826,1187431829,1187431832,1187431835,1187431838,1187431841,1187431844,1187431847,1187431850,1187431853,1187431856,1187431859,1187431862,1187431865,1187431868,1187431871,1187431873,1187431875,1187431877,1187431879,1187431881,1187431883,1187431885,1187431887,1187431889,1187431891,1187431893,1187431895,1187431897,1187431899,1187431901,1187431903,1187431905,1187431907,1187431909,1187431911,1187431913,1187431915,1187431916,1187431917,1187431918,1187431919,1187431920,1187431921,1187431922

//Job - Novice High
10,4001,1,11,20,31,44,100,166,226,295,374,999999999

//Job - Adv First Classes
50,4002:4003:4004:4005:4006:4007,1,660,1080,1800,2640,3840,4560,5040,5460,6000,6600,7200,7320,7620,8040,8820,9600,10080,10560,11040,12610,13390,14300,15340,16900,18460,19500,20800,22100,23400,24700,26000,27300,28600,30160,31200,33800,35750,37700,39000,44100,46200,47600,50400,52500,53200,56000,58800,62300,65800,68600,71400,74200,77000,79800,82600,86100,88200,91000,93800,103500,105000,109500,115500,120000,126000,132000,136500,142500,165000,192000,210000,232500,244500,255000,270000,282000,292500,300000,345000,416000,480000,560000,640000,768000,880000,960000,1088000,1200000,1440000,1700000,2040000,2550000,3060000,3570000,4080000,4760000,5610000,6800000,7070000,7400000,77700,8150000,8550000,9100000,9610000,10150000,10570000,11180000,12000000,12200000,12930000,13150000,14030000,14420000,15420000,15670000,16870000,17140000,18720000,19020000,20590000,20930000,22690000,23310000,25290000,26020000,27860000,28535000,30990000,31680000,33560000,34942000,36372000,38350000,39890000,41545000,43330000,45400000,48100000,50410000,53370000,56250000,59230000,62590000,66120000,70200000,75330000,81100000,95000000,98000000,103000000,107000000,112000000,116000000,121000000,125000000,130000000,134000000,139000000,145000000,152200000,160840000,171200000,191930000,202290000,214720000,229640000,247550000,283370000,301280000,322770000,348560000,379500000,441390000,99999999

//Job - Adv Second Classes
150,4008:4009:4010:4011:4012:4013:4014:4015:4016:4017:4018:4019:4020:4021:4022,1,660,1080,1800,2640,3840,4560,5040,5460,6000,6600,7200,7320,7620,8040,8820,9600,10080,10560,11040,12610,13390,14300,15340,16900,18460,19500,20800,22100,23400,24700,26000,27300,28600,30160,31200,33800,35750,37700,39000,44100,46200,47600,50400,52500,53200,56000,58800,62300,65800,68600,71400,74200,77000,79800,82600,86100,88200,91000,93800,103500,105000,109500,115500,120000,126000,132000,136500,142500,165000,192000,210000,232500,244500,255000,270000,282000,292500,300000,345000,416000,480000,560000,640000,768000,880000,960000,1088000,1200000,1440000,1700000,2040000,2550000,3060000,3570000,4080000,4760000,5610000,6800000,7070000,7400000,77700,8150000,8550000,9100000,9610000,10150000,10570000,11180000,12000000,12200000,12930000,13150000,14030000,14420000,15420000,15670000,16870000,17140000,18720000,19020000,20590000,20930000,22690000,23310000,25290000,26020000,27860000,28535000,30990000,31680000,33560000,34942000,36372000,38350000,39890000,41545000,43330000,45400000,48100000,50410000,53370000,56250000,59230000,62590000,66120000,70200000,75330000,81100000,95000000,98000000,103000000,107000000,112000000,116000000,121000000,125000000,130000000,134000000,139000000,145000000,152200000,160840000,171200000,191930000,202290000,214720000,229640000,247550000,283370000,301280000,322770000,348560000,379500000,441390000,99999999

//Job - 3rd Jobs & Baby 3rds, Oboro/Kagerou, Rebellion, Star Emperor, Soul Reaper
150,4054:4055:4056:4057:4058:4059:4060:4061:4062:4063:4064:4065:4066:4067:4068:4069:4070:4071:4072:4073:4074:4075:4076:4077:4078:4079:4080:4081:4082:4083:4084:4085:4086:4087:4096:4097:4098:4099:4100:4101:4102:4103:4104:4105:4106:4107:4108:4109:4110:4111:4112:4211:4212:4215:4223:4224:4229:4239:4240:4241:4242:4243:4244,1,660,1080,1800,2640,3840,4560,5040,5460,6000,6600,7200,7320,7620,8040,8820,9600,10080,10560,11040,12610,13390,14300,15340,16900,18460,19500,20800,22100,23400,24700,26000,27300,28600,30160,31200,33800,35750,37700,39000,44100,46200,47600,50400,52500,53200,56000,58800,62300,65800,68600,71400,74200,77000,79800,82600,86100,88200,91000,93800,103500,105000,109500,115500,120000,126000,132000,136500,142500,165000,192000,210000,232500,244500,255000,270000,282000,292500,300000,345000,416000,480000,560000,640000,768000,880000,960000,1088000,1200000,1440000,1700000,2040000,2550000,3060000,3570000,4080000,4760000,5610000,6800000,7070000,7400000,77700,8150000,8550000,9100000,9610000,10150000,10570000,11180000,12000000,12200000,12930000,13150000,14030000,14420000,15420000,15670000,16870000,17140000,18720000,19020000,20590000,20930000,22690000,23310000,25290000,26020000,27860000,28535000,30990000,31680000,33560000,34942000,36372000,38350000,39890000,41545000,43330000,45400000,48100000,50410000,53370000,56250000,59230000,62590000,66120000,70200000,75330000,81100000,95000000,98000000,103000000,107000000,112000000,116000000,121000000,125000000,130000000,134000000,139000000,145000000,152200000,160840000,171200000,191930000,202290000,214720000,229640000,247550000,283370000,301280000,322770000,348560000,379500000,441390000,99999999

//Job - Expanded Super Novice & Expanded Super Baby
150,4190:4191,1,660,1080,1800,2640,3840,4560,5040,5460,6000,6600,7200,7320,7620,8040,8820,9600,10080,10560,11040,12610,13390,14300,15340,16900,18460,19500,20800,22100,23400,24700,26000,27300,28600,30160,31200,33800,35750,37700,39000,44100,46200,47600,50400,52500,53200,56000,58800,62300,65800,68600,71400,74200,77000,79800,82600,86100,88200,91000,93800,103500,105000,109500,115500,120000,126000,132000,136500,142500,165000,192000,210000,232500,244500,255000,270000,282000,292500,300000,345000,416000,480000,560000,640000,768000,880000,960000,1088000,1200000,1440000,1700000,2040000,2550000,3060000,3570000,4080000,4760000,5610000,6800000,7070000,7400000,77700,8150000,8550000,9100000,9610000,10150000,10570000,11180000,12000000,12200000,12930000,13150000,14030000,14420000,15420000,15670000,16870000,17140000,18720000,19020000,20590000,20930000,22690000,23310000,25290000,26020000,27860000,28535000,30990000,31680000,33560000,34942000,36372000,38350000,39890000,41545000,43330000,45400000,48100000,50410000,53370000,56250000,59230000,62590000,66120000,70200000,75330000,81100000,95000000,98000000,103000000,107000000,112000000,116000000,121000000,125000000,130000000,134000000,139000000,145000000,152200000,160840000,171200000,191930000,202290000,214720000,229640000,247550000,283370000,301280000,322770000,348560000,379500000,441390000,99999999

//Job - Ninja/Gunslinger
150,24:25:4222:4228,1,660,1080,1800,2640,3840,4560,5040,5460,6000,6600,7200,7320,7620,8040,8820,9600,10080,10560,11040,12610,13390,14300,15340,16900,18460,19500,20800,22100,23400,24700,26000,27300,28600,30160,31200,33800,35750,37700,39000,44100,46200,47600,50400,52500,53200,56000,58800,62300,65800,68600,71400,74200,77000,79800,82600,86100,88200,91000,93800,103500,105000,109500,115500,120000,126000,132000,136500,142500,165000,192000,210000,232500,244500,255000,270000,282000,292500,300000,345000,416000,480000,560000,640000,768000,880000,960000,1088000,1200000,1440000,1700000,2040000,2550000,3060000,3570000,4080000,4760000,5610000,6800000,7070000,7400000,77700,8150000,8550000,9100000,9610000,10150000,10570000,11180000,12000000,12200000,12930000,13150000,14030000,14420000,15420000,15670000,16870000,17140000,18720000,19020000,20590000,20930000,22690000,23310000,25290000,26020000,27860000,28535000,30990000,31680000,33560000,34942000,36372000,38350000,39890000,41545000,43330000,45400000,48100000,50410000,53370000,56250000,59230000,62590000,66120000,70200000,75330000,81100000,95000000,98000000,103000000,107000000,112000000,116000000,121000000,125000000,130000000,134000000,139000000,145000000,152200000,160840000,171200000,191930000,202290000,214720000,229640000,247550000,283370000,301280000,322770000,348560000,379500000,441390000,99999999

//Job - Star Gladiator
150,4047:4048:4226:4238,1,660,1080,1800,2640,3840,4560,5040,5460,6000,6600,7200,7320,7620,8040,8820,9600,10080,10560,11040,12610,13390,14300,15340,16900,18460,19500,20800,22100,23400,24700,26000,27300,28600,30160,31200,33800,35750,37700,39000,44100,46200,47600,50400,52500,53200,56000,58800,62300,65800,68600,71400,74200,77000,79800,82600,86100,88200,91000,93800,103500,105000,109500,115500,120000,126000,132000,136500,142500,165000,192000,210000,232500,244500,255000,270000,282000,292500,300000,345000,416000,480000,560000,640000,768000,880000,960000,1088000,1200000,1440000,1700000,2040000,2550000,3060000,3570000,4080000,4760000,5610000,6800000,7070000,7400000,77700,8150000,8550000,9100000,9610000,10150000,10570000,11180000,12000000,12200000,12930000,13150000,14030000,14420000,15420000,15670000,16870000,17140000,18720000,19020000,20590000,20930000,22690000,23310000,25290000,26020000,27860000,28535000,30990000,31680000,33560000,34942000,36372000,38350000,39890000,41545000,43330000,45400000,48100000,50410000,53370000,56250000,59230000,62590000,66120000,70200000,75330000,81100000,95000000,98000000,103000000,107000000,112000000,116000000,121000000,125000000,130000000,134000000,139000000,145000000,152200000,160840000,171200000,191930000,202290000,214720000,229640000,247550000,283370000,301280000,322770000,348560000,379500000,441390000,99999999

//Job - Super Novice & Baby Super Novice
150,23:4045,1,660,1080,1800,2640,3840,4560,5040,5460,6000,6600,7200,7320,7620,8040,8820,9600,10080,10560,11040,12610,13390,14300,15340,16900,18460,19500,20800,22100,23400,24700,26000,27300,28600,30160,31200,33800,35750,37700,39000,44100,46200,47600,50400,52500,53200,56000,58800,62300,65800,68600,71400,74200,77000,79800,82600,86100,88200,91000,93800,103500,105000,109500,115500,120000,126000,132000,136500,142500,165000,192000,210000,232500,244500,255000,270000,282000,292500,300000,345000,416000,480000,560000,640000,768000,880000,960000,1088000,1200000,1440000,1700000,2040000,2550000,3060000,3570000,4080000,4760000,5610000,6800000,7070000,7400000,77700,8150000,8550000,9100000,9610000,10150000,10570000,11180000,12000000,12200000,12930000,13150000,14030000,14420000,15420000,15670000,16870000,17140000,18720000,19020000,20590000,20930000,22690000,23310000,25290000,26020000,27860000,28535000,30990000,31680000,33560000,34942000,36372000,38350000,39890000,41545000,43330000,45400000,48100000,50410000,53370000,56250000,59230000,62590000,66120000,70200000,75330000,81100000,95000000,98000000,103000000,107000000,112000000,116000000,121000000,125000000,130000000,134000000,139000000,145000000,152200000,160840000,171200000,191930000,202290000,214720000,229640000,247550000,283370000,301280000,322770000,348560000,379500000,441390000,99999999

//Job - Summoner
150,4218:4220,1,660,1080,1800,2640,3840,4560,5040,5460,6000,6600,7200,7320,7620,8040,8820,9600,10080,10560,11040,12610,13390,14300,15340,16900,18460,19500,20800,22100,23400,24700,26000,27300,28600,30160,31200,33800,35750,37700,39000,44100,46200,47600,50400,52500,53200,56000,58800,62300,65800,68600,71400,74200,77000,79800,82600,86100,88200,91000,93800,103500,105000,109500,115500,120000,126000,132000,136500,142500,165000,192000,210000,232500,244500,255000,270000,282000,292500,300000,345000,416000,480000,560000,640000,768000,880000,960000,1088000,1200000,1440000,1700000,2040000,2550000,3060000,3570000,4080000,4760000,5610000,6800000,7070000,7400000,77700,8150000,8550000,9100000,9610000,10150000,10570000,11180000,12000000,12200000,12930000,13150000,14030000,14420000,15420000,15670000,16870000,17140000,18720000,19020000,20590000,20930000,22690000,23310000,25290000,26020000,27860000,28535000,30990000,31680000,33560000,34942000,36372000,38350000,39890000,41545000,43330000,45400000,48100000,50410000,53370000,56250000,59230000,62590000,66120000,70200000,75330000,81100000,95000000,98000000,103000000,107000000,112000000,116000000,121000000,125000000,130000000,134000000,139000000,145000000,152200000,160840000,171200000,191930000,202290000,214720000,229640000,247550000,283370000,301280000,322770000,348560000,379500000,441390000,99999999
